CreateDynamicObject(1569, 894.25, 2097.70, 2720.79, 0.00, 0.00, -90.00);
CreateDynamicObject(1495, 881.16, 2096.35, 2720.78, 0.00, 0.00, 90.00);
CreateDynamicObject(2909, 1390.59, -162.34, 4.70, 0.00, 0.00, 90.10);
CreateDynamicObject(975, 427.21, 2852.07, 2.74, 0.00, 0.00, 90.00);
CreateDynamicObject(2168, 2747.34, -1142.90, 21.60, 0.00, 0.00, 180.00);
CreateDynamicObject(2168, 2747.30, -1262.00, 21.60, 0.00, 0.00, 0.00);
CreateDynamicObject(19302, 596.70, 2765.25, 1250.71, 0.00, 0.00, 180.00);
CreateDynamicObject(19303, 589.34, 2782.04, 1254.25, 0.00, 0.00, -90.00);
CreateDynamicObject(19303, 589.32, 2785.40, 1254.25, 0.00, 0.00, -90.00);
CreateDynamicObject(1569, -931.87, 847.19, 2511.93, 0.00, 0.00, 0.00);
CreateDynamicObject(1569, 1613.66, 1222.38, 2512.43, 0.00, 0.00, 88.80);
CreateDynamicObject(4374, 784.98, 805.62, 13.23, 0.00, 0.00, -21.00);
CreateDynamicObject(1569, -339.92, 359.71, 701.25, 0.00, 0.00, 0.00);
CreateDynamicObject(19302, -645.59, -428.05, 1.32, 0.00, 0.00, 0.00);
CreateDynamicObject(616, 983.43, 1623.03, 10.88, 0.00, 0.00, 0.00);
CreateDynamicObject(616, 963.77, 1629.92, 10.88, 0.00, 0.00, 0.00);
CreateDynamicObject(616, 958.49, 1640.22, 10.88, 0.00, 0.00, 0.00);
CreateDynamicObject(616, 944.70, 1633.89, 10.88, 0.00, 0.00, 0.00);
CreateDynamicObject(616, 931.27, 1638.53, 10.88, 0.00, 0.00, 0.00);
CreateDynamicObject(616, 937.22, 1626.99, 10.88, 0.00, 0.00, 0.00);
CreateDynamicObject(616, 983.43, 1623.03, 10.88, 0.00, 0.00, 0.00);
CreateDynamicObject(616, 963.77, 1629.92, 10.88, 0.00, 0.00, 0.00);
CreateDynamicObject(616, 958.49, 1640.22, 10.88, 0.00, 0.00, 0.00);
CreateDynamicObject(616, 944.70, 1633.89, 10.88, 0.00, 0.00, 0.00);
CreateDynamicObject(616, 931.27, 1638.53, 10.88, 0.00, 0.00, 0.00);
CreateDynamicObject(616, 937.22, 1626.99, 10.88, 0.00, 0.00, 0.00);
CreateDynamicObject(616, 983.43, 1623.03, 10.88, 0.00, 0.00, 0.00);
CreateDynamicObject(616, 963.77, 1629.92, 10.88, 0.00, 0.00, 0.00);
CreateDynamicObject(616, 958.49, 1640.22, 10.88, 0.00, 0.00, 0.00);
CreateDynamicObject(616, 944.70, 1633.89, 10.88, 0.00, 0.00, 0.00);
CreateDynamicObject(616, 931.27, 1638.53, 10.88, 0.00, 0.00, 0.00);
CreateDynamicObject(616, 937.22, 1626.99, 10.88, 0.00, 0.00, 0.00);
CreateDynamicObject(616, 983.43, 1623.03, 10.88, 0.00, 0.00, 0.00);
CreateDynamicObject(4813, 2274.42, -930.32, -2.38, 0.00, 4.00, -88.80);
CreateDynamicObject(4813, 2264.02, -930.36, -2.38, 0.00, 4.00, -88.50);
CreateDynamicObject(4813, 2480.86, -958.28, -2.78, 0.00, 0.00, -89.46);
CreateDynamicObject(4813, 2471.32, -958.27, -2.78, 0.00, 0.00, -89.46);
CreateDynamicObject(4813, 2344.53, -1026.21, -2.78, 0.00, 0.00, 180.00);
CreateDynamicObject(4813, 2344.13, -1016.44, -2.78, 0.00, 0.00, 180.00);
CreateDynamicObject(4813, 2480.33, -896.37, -2.38, 0.00, 4.00, -90.00);
CreateDynamicObject(4813, 2470.78, -896.36, -2.38, 0.00, 4.00, -90.00);
CreateDynamicObject(4813, 2345.65, -959.77, -2.78, 0.00, 0.00, -89.46);
CreateDynamicObject(4813, 2337.83, -959.88, -2.78, 0.00, 0.00, -89.46);
CreateDynamicObject(4813, 2298.87, -912.82, -2.78, 0.00, 0.00, 0.66);
CreateDynamicObject(4813, 2299.00, -922.40, -2.78, 0.00, 0.00, 0.66);
CreateDynamicObject(4813, 2275.10, -958.34, -2.78, 0.00, 0.00, -88.50);
CreateDynamicObject(4813, 2264.96, -958.55, -2.78, 0.00, 0.00, -88.50);
CreateDynamicObject(19071, -337.60, 438.45, 2511.62, 180.00, 0.00, 0.00);
CreateDynamicObject(19071, -337.60, 438.45, 2517.10, 0.00, 0.00, 0.00);
CreateDynamicObject(19071, -2628.98, 2908.26, 2736.62, 180.00, 0.00, 0.00);
CreateDynamicObject(19071, -2628.98, 2908.26, 2742.10, 0.00, 0.00, 0.00);
CreateDynamicObject(19071, -1483.18, -306.60, 1760.79, 180.00, 0.00, 0.00);
CreateDynamicObject(19071, -1483.18, -306.60, 1766.06, 0.00, 0.00, 0.00);
CreateDynamicObject(19071, -720.45, 232.09, 2026.37, 0.00, 0.00, 0.00);
CreateDynamicObject(19071, -720.45, 232.09, 2020.86, 180.00, 0.00, 0.00);
CreateDynamicObject(19071, 1107.22, 1565.24, 2314.23, 0.00, 180.00, 0.00);
CreateDynamicObject(19071, 1107.21, 1567.57, 2319.69, 0.00, 0.00, 0.00);
CreateDynamicObject(19174, 1112.39, 1562.70, 2317.43, 0.00, 0.00, 0.00);
CreateDynamicObject(19175, 1102.03, 1541.56, 2317.57, 0.00, 0.00, 90.00);
CreateDynamicObject(19071, -2347.19, 497.57, 1718.94, 180.00, 0.00, 0.00);
CreateDynamicObject(19071, -2347.19, 497.57, 1724.42, 0.00, 0.00, 0.00);
CreateDynamicObject(19071, 2183.19, 2840.77, 1714.24, 180.00, 0.00, 0.00);
CreateDynamicObject(19071, 2208.76, 2844.72, 1717.51, 180.00, 0.00, 0.00);
CreateDynamicObject(19071, 2157.17, 2792.07, 1719.66, 0.00, 0.00, 0.00);
CreateDynamicObject(19071, 2162.63, 2852.07, 1719.66, 0.00, 0.00, 0.00);
CreateDynamicObject(19071, 2199.16, 2780.70, 1719.66, 0.00, 0.00, 0.00);
CreateDynamicObject(19071, 2208.76, 2844.72, 1722.99, 0.00, 0.00, 0.00);
CreateDynamicObject(19071, -393.38, 1030.60, 1716.39, 0.00, 0.00, 0.00);
CreateDynamicObject(19071, -393.38, 1030.60, 1710.92, 0.00, 180.00, 0.00);
CreateDynamicObject(19071, 434.95, 1319.59, 1613.53, 0.00, 180.00, 0.00);
CreateDynamicObject(19071, 434.95, 1319.59, 1618.95, 0.00, 0.00, 0.00);
CreateDynamicObject(19071, 2554.80, -1847.50, 2520.84, 180.00, 0.00, 0.00);
CreateDynamicObject(19071, 2554.80, -1847.50, 2526.30, 0.00, 0.00, 0.00);
CreateDynamicObject(19071, -87.58, 462.21, 3011.15, 180.00, 0.00, 90.00);
CreateDynamicObject(19071, -87.58, 462.21, 3016.63, 0.00, 0.00, 90.00);
CreateDynamicObject(19071, 887.47, 2093.79, 2719.81, 180.00, 0.00, 0.00);
CreateDynamicObject(19071, 887.47, 2093.79, 2725.28, 0.00, 0.00, 0.00);
CreateDynamicObject(19502, 310.09, 628.71, 51.24, 0.00, 0.00, -111.50);
CreateDynamicObject(1930, 302.58, 629.30, 49.20, 0.00, 0.00, -21.50);
CreateDynamicObject(1930, 306.91, 622.44, 50.74, -0.20, 0.00, -111.40);
CreateDynamicObject(10240, 301.11, 624.86, 49.01, 0.00, 0.00, 70.20);
CreateDynamicObject(10246, 302.23, 624.57, 48.76, 0.00, 0.00, 71.10);
CreateDynamicObject(10247, 302.73, 628.52, 47.93, 0.00, 0.00, -109.30);
CreateDynamicObject(10241, 301.26, 625.54, 49.01, 0.00, 0.00, -19.60);
CreateDynamicObject(10231, 301.30, 625.32, 50.54, 0.00, 0.00, 83.70);
CreateDynamicObject(10233, 301.76, 624.67, 50.53, 0.00, 0.00, 170.10);
CreateDynamicObject(10235, 302.62, 624.43, 50.41, 0.00, 0.00, 162.60);
CreateDynamicObject(1930, 305.48, 636.72, 49.19, -0.30, 0.00, -21.50);
CreateDynamicObject(1749, 306.10, 635.06, 48.69, 0.00, 0.00, 68.60);
CreateDynamicObject(1671, 305.71, 633.92, 48.68, 0.00, 0.00, 158.10);
CreateDynamicObject(19174, 306.59, 635.29, 50.27, 0.00, 0.00, -21.50);
CreateDynamicObject(1744, 306.21, 634.94, 49.45, 0.40, 0.00, 61.50);
CreateDynamicObject(1738, 306.07, 634.73, 49.18, 0.00, 0.00, 56.50);
CreateDynamicObject(1743, 305.37, 635.20, 49.40, 0.00, 0.00, 68.30);
CreateDynamicObject(1745, 307.00, 634.97, 49.30, 0.00, 0.00, 0.00);
CreateDynamicObject(2942, -395.16, 926.75, 11.78, 0.10, -1.30, 86.10);
CreateDynamicObject(2942, -398.22, 1014.40, 11.74, 0.00, 0.00, 90.40);
CreateDynamicObject(2942, -310.40, 727.82, 11.65, 0.00, 0.00, 0.00);
CreateDynamicObject(2942, -935.47, 855.29, 2512.56, -1.20, -1.00, 90.20);
CreateDynamicObject(2942, 1596.31, 976.77, 1819.13, 0.00, 0.00, 92.40);
CreateDynamicObject(2942, 1118.53, 1563.39, 2315.88, 0.00, 0.00, 0.00);
CreateDynamicObject(2942, 2280.64, -1689.43, 1022.74, 0.00, 0.00, -179.70);
CreateDynamicObject(2942, 1363.72, -165.90, 3.76, -2.40, -1.90, 176.10);
CreateDynamicObject(2942, 2285.71, -1645.17, 1026.07, 0.00, 0.00, 0.00);
CreateDynamicObject(1709, -1651.55, 2138.03, 1504.59, 0.00, 0.00, 0.00);
CreateDynamicObject(10243, -1654.70, 2139.68, 1501.26, 0.00, 0.00, 90.00);
CreateDynamicObject(1930, -1655.10, 2137.93, 1503.02, 0.00, 0.00, 0.00);
CreateDynamicObject(10243, -1654.70, 2136.90, 1501.26, 0.00, 0.00, 90.00);
CreateDynamicObject(19449, -1655.21, 2138.12, 1502.92, 0.00, 0.00, 0.00);
CreateDynamicObject(1569, -1655.10, 2139.43, 1501.20, 0.00, 0.00, -90.00);
CreateDynamicObject(1569, -1655.10, 2136.45, 1501.20, 0.00, 0.00, 90.00);
CreateDynamicObject(1671, -1652.19, 2142.55, 1501.64, 0.00, 0.00, -17.04);
CreateDynamicObject(2894, -1653.23, 2142.44, 1501.89, 0.00, 0.00, 154.02);
CreateDynamicObject(1433, -1653.31, 2142.48, 1501.39, 0.00, 0.00, 0.00);
CreateDynamicObject(19450, -1656.81, 2137.87, 1501.27, 0.00, 90.00, 0.00);
CreateDynamicObject(1671, -1654.51, 2142.52, 1501.64, 0.00, 0.00, 17.82);
CreateDynamicObject(19450, -1656.81, 2139.50, 1502.92, 90.00, 0.00, 90.00);
CreateDynamicObject(1502, -1651.63, 2143.18, 1501.15, 0.00, 0.00, 0.00);
CreateDynamicObject(19450, -1656.81, 2137.87, 1503.77, 0.00, 90.00, 0.00);
CreateDynamicObject(19383, -1650.84, 2143.20, 1502.92, 0.00, 0.00, 90.00);
CreateDynamicObject(19426, -1655.10, 2142.44, 1502.92, 0.00, 0.00, 0.00);
CreateDynamicObject(19450, -1656.81, 2136.39, 1502.92, 90.00, 0.00, 90.00);
CreateDynamicObject(19450, -1656.81, 2137.87, 1504.57, 0.00, 90.00, 0.00);
CreateDynamicObject(10178, -1653.12, 2143.60, 1502.46, 0.00, 0.00, 90.00);
CreateDynamicObject(10011, -1648.96, 2142.68, 1502.30, 0.00, 0.00, 0.00);
CreateDynamicObject(2028, -1653.41, 2133.11, 1501.61, 0.00, 0.00, -90.00);
CreateDynamicObject(19450, -1656.81, 2141.55, 1502.92, 90.00, 0.00, 90.00);
CreateDynamicObject(19426, -1655.10, 2133.55, 1502.92, 0.00, 0.00, 0.00);
CreateDynamicObject(19445, -1655.23, 2133.59, 1502.92, 0.00, 0.00, 0.00);
CreateDynamicObject(19445, -1655.23, 2143.21, 1502.92, 0.00, 0.00, 0.00);
CreateDynamicObject(19383, -1650.84, 2132.70, 1502.92, 0.00, 0.00, 90.00);
CreateDynamicObject(10010, -1648.95, 2133.25, 1502.30, 0.00, 0.00, 180.00);
CreateDynamicObject(19426, -1648.44, 2143.20, 1502.92, 0.00, 0.00, 90.00);
CreateDynamicObject(1502, -1650.10, 2132.72, 1501.15, 0.00, 0.00, 180.00);
CreateDynamicObject(10178, -1653.07, 2132.31, 1502.46, 0.00, 0.00, -90.00);
CreateDynamicObject(19450, -1656.81, 2134.41, 1502.92, 90.00, 0.00, 90.00);
CreateDynamicObject(10226, -1648.85, 2143.61, 1503.78, 0.00, 0.00, 180.00);
CreateDynamicObject(1416, -1654.83, 2144.35, 1501.73, 0.00, 0.00, 90.00);
CreateDynamicObject(1444, -1645.38, 2137.96, 1502.04, 0.00, 0.00, 90.00);
CreateDynamicObject(19426, -1648.44, 2132.70, 1502.92, 0.00, 0.00, 90.00);
CreateDynamicObject(2028, -1645.44, 2139.63, 1501.61, 0.00, 0.00, 0.00);
CreateDynamicObject(10226, -1649.00, 2132.31, 1503.78, 0.00, 0.00, -0.18);
CreateDynamicObject(2028, -1645.40, 2136.28, 1501.61, 0.00, 0.00, 0.00);
CreateDynamicObject(19445, -1657.25, 2143.20, 1502.92, 0.00, 0.00, 90.00);
CreateDynamicObject(1416, -1648.14, 2144.38, 1501.73, 0.00, 0.00, -90.00);
CreateDynamicObject(4316, -1645.30, 2136.99, 1504.67, 0.00, 0.00, 21.72);
CreateDynamicObject(1416, -1654.81, 2131.42, 1501.73, 0.00, 0.00, 90.00);
CreateDynamicObject(1444, -1644.59, 2137.96, 1502.04, 0.00, 0.00, 90.00);
CreateDynamicObject(3179, -1648.62, 2145.11, 1502.19, 0.00, 0.00, 95.46);
CreateDynamicObject(2028, -1644.59, 2139.63, 1501.61, 0.00, 0.00, 180.00);
CreateDynamicObject(19445, -1657.25, 2132.70, 1502.92, 0.00, 0.00, 90.00);
CreateDynamicObject(4422, -1644.98, 2137.96, 1505.06, 0.00, 0.00, 0.00);
CreateDynamicObject(1724, -1653.95, 2145.91, 1502.03, 0.00, 0.00, 90.00);
CreateDynamicObject(2028, -1644.59, 2136.28, 1501.61, 0.00, 0.00, 180.00);
CreateDynamicObject(3179, -1654.22, 2130.69, 1502.19, 0.00, 0.00, -66.60);
CreateDynamicObject(1724, -1649.29, 2145.89, 1502.03, 0.00, 0.00, 90.00);
CreateDynamicObject(2894, -1648.15, 2131.40, 1502.30, 0.00, 0.00, 83.22);
CreateDynamicObject(1416, -1648.17, 2131.35, 1501.73, 0.00, 0.00, -90.00);
CreateDynamicObject(4422, -1644.98, 2141.41, 1505.06, 0.00, 0.00, 0.00);
CreateDynamicObject(4422, -1644.98, 2134.73, 1505.06, 0.00, 0.00, 0.00);
CreateDynamicObject(3179, -1654.34, 2146.70, 1502.19, 0.00, 0.00, -66.60);
CreateDynamicObject(1724, -1653.95, 2129.86, 1502.03, 0.00, 0.00, 90.00);
CreateDynamicObject(2028, -1647.30, 2145.65, 1501.61, 0.00, 0.00, 180.00);
CreateDynamicObject(1724, -1649.28, 2129.86, 1502.03, 0.00, 0.00, 90.00);
CreateDynamicObject(1745, -1654.80, 2147.36, 1502.41, 0.00, 0.00, -167.04);
CreateDynamicObject(1416, -1654.83, 2147.39, 1501.73, 0.00, 0.00, 90.00);
CreateDynamicObject(2028, -1647.34, 2130.26, 1501.61, 0.00, 0.00, 180.00);
CreateDynamicObject(1416, -1648.15, 2147.40, 1501.73, 0.00, 0.00, -90.00);
CreateDynamicObject(19071, -1642.46, 2139.02, 1500.23, 0.00, 180.00, 0.00);
CreateDynamicObject(19071, -1642.46, 2139.02, 1500.23, 0.00, 180.00, 0.00);
CreateDynamicObject(19071, -1642.46, 2139.02, 1500.23, 0.00, 180.00, 0.00);
CreateDynamicObject(19071, -1642.46, 2139.02, 1500.23, 0.00, 180.00, 0.00);
CreateDynamicObject(2894, -1648.10, 2147.43, 1502.30, 0.00, 0.00, 81.42);
CreateDynamicObject(19071, -1642.46, 2139.02, 1505.70, 0.00, 0.00, 0.00);
CreateDynamicObject(1416, -1654.78, 2128.33, 1501.73, 0.00, 0.00, 90.00);
CreateDynamicObject(1745, -1654.85, 2128.33, 1502.41, 0.00, 0.00, -167.04);
CreateDynamicObject(19445, -1647.72, 2147.93, 1502.92, 0.00, 0.00, 0.00);
CreateDynamicObject(1724, -1653.95, 2148.89, 1502.03, 0.00, 0.00, 90.00);
CreateDynamicObject(1416, -1648.17, 2128.37, 1501.73, 0.00, 0.00, -90.00);
CreateDynamicObject(1745, -1648.18, 2128.34, 1502.41, 0.00, 0.00, -167.04);
CreateDynamicObject(1724, -1649.29, 2148.89, 1502.03, 0.00, 0.00, 90.00);
CreateDynamicObject(1739, -1647.62, 2148.35, 1503.05, 0.00, 0.00, 180.00);
CreateDynamicObject(19445, -1647.72, 2127.98, 1502.92, 0.00, 0.00, 0.00);
CreateDynamicObject(1745, -1640.77, 2138.09, 1502.38, 0.00, 0.00, -187.98);
CreateDynamicObject(2894, -1640.75, 2138.87, 1502.30, 0.00, 0.00, 76.80);
CreateDynamicObject(3186, -1646.88, 2148.47, 1501.68, 0.00, 0.00, 89.40);
CreateDynamicObject(2894, -1640.76, 2137.30, 1502.30, 0.00, 0.00, 97.98);
CreateDynamicObject(1744, -1640.74, 2139.55, 1502.57, 0.00, 0.00, -200.64);
CreateDynamicObject(10200, -1640.71, 2138.03, 1501.24, 0.00, 0.00, -90.00);
CreateDynamicObject(10200, -1640.71, 2138.95, 1501.24, 0.00, 0.00, -90.00);
CreateDynamicObject(19426, -1641.40, 2142.48, 1502.92, 0.00, 0.00, 0.00);
CreateDynamicObject(1744, -1640.76, 2136.58, 1502.57, 0.00, 0.00, -167.22);
CreateDynamicObject(10200, -1640.71, 2137.10, 1501.24, 0.00, 0.00, -90.00);
CreateDynamicObject(10200, -1640.71, 2139.87, 1501.24, 0.00, 0.00, -90.00);
CreateDynamicObject(10200, -1640.71, 2136.17, 1501.24, 0.00, 0.00, -90.00);
CreateDynamicObject(1724, -1653.95, 2126.86, 1502.03, 0.00, 0.00, 90.00);
CreateDynamicObject(1739, -1647.61, 2127.53, 1503.05, 0.00, 0.00, 180.00);
CreateDynamicObject(4422, -1640.76, 2140.07, 1505.06, 0.00, 0.00, 0.00);
CreateDynamicObject(19426, -1641.40, 2133.41, 1502.92, 0.00, 0.00, 0.00);
CreateDynamicObject(1724, -1649.28, 2126.86, 1502.03, 0.00, 0.00, 90.00);
CreateDynamicObject(4422, -1640.76, 2135.97, 1505.06, 0.00, 0.00, 0.00);
CreateDynamicObject(741, -1640.91, 2133.60, 1501.52, 0.00, 0.00, 0.00);
CreateDynamicObject(1416, -1654.79, 2150.38, 1501.73, 0.00, 0.00, 90.00);
CreateDynamicObject(2894, -1654.83, 2150.40, 1502.30, 0.00, 0.00, 104.28);
CreateDynamicObject(679, -1640.81, 2143.83, 1501.71, 0.00, 0.00, 0.00);
CreateDynamicObject(1416, -1648.16, 2150.42, 1501.73, 0.00, 0.00, -90.00);
CreateDynamicObject(1709, -1644.05, 2148.03, 1504.59, 0.00, 0.00, 0.00);
CreateDynamicObject(3179, -1648.62, 2126.04, 1502.19, 0.00, 0.00, 112.50);
CreateDynamicObject(679, -1640.89, 2132.02, 1501.71, 0.00, 0.00, 0.00);
CreateDynamicObject(1709, -1644.05, 2128.53, 1504.59, 0.00, 0.00, 0.00);
CreateDynamicObject(1671, -1639.20, 2139.44, 1501.64, 0.00, 0.00, -85.86);
CreateDynamicObject(1671, -1639.17, 2137.03, 1501.64, 0.00, 0.00, -95.34);
CreateDynamicObject(3179, -1648.69, 2151.08, 1502.19, 0.00, 0.00, 95.46);
CreateDynamicObject(1416, -1654.80, 2125.33, 1501.73, 0.00, 0.00, 90.00);
CreateDynamicObject(741, -1640.87, 2145.54, 1501.52, 0.00, 0.00, 0.00);
CreateDynamicObject(2028, -1640.67, 2145.58, 1501.61, 0.00, 0.00, 0.00);
CreateDynamicObject(19353, -1640.22, 2144.88, 1502.92, 0.00, 0.00, 0.00);
CreateDynamicObject(2028, -1647.30, 2151.08, 1501.61, 0.00, 0.00, 180.00);
CreateDynamicObject(1416, -1648.16, 2125.35, 1501.73, 0.00, 0.00, -90.00);
CreateDynamicObject(1724, -1653.95, 2151.89, 1502.03, 0.00, 0.00, 90.00);
CreateDynamicObject(2894, -1648.12, 2125.32, 1502.30, 0.00, 0.00, 95.04);
CreateDynamicObject(1724, -1649.29, 2151.89, 1502.03, 0.00, 0.00, 90.00);
CreateDynamicObject(1739, -1640.33, 2145.61, 1503.05, 0.00, 0.00, 0.00);
CreateDynamicObject(3179, -1654.22, 2124.65, 1502.19, 0.00, 0.00, -66.60);
CreateDynamicObject(19353, -1640.22, 2131.07, 1502.92, 0.00, 0.00, 0.00);
CreateDynamicObject(2028, -1640.66, 2130.31, 1501.61, 0.00, 0.00, 0.00);
CreateDynamicObject(3184, -1639.85, 2145.31, 1502.06, 0.00, 0.00, 90.00);
CreateDynamicObject(19399, -1638.00, 2139.02, 1502.92, 0.00, 0.00, 0.00);
CreateDynamicObject(19466, -1637.99, 2139.12, 1502.85, 0.00, 0.00, 0.00);
CreateDynamicObject(1739, -1640.35, 2130.35, 1503.05, 0.00, 0.00, 0.00);
CreateDynamicObject(2028, -1647.32, 2124.86, 1501.61, 0.00, 0.00, 180.00);
CreateDynamicObject(19383, -1638.00, 2135.82, 1502.92, 0.00, 0.00, 0.00);
CreateDynamicObject(19426, -1638.00, 2141.41, 1502.92, 0.00, 0.00, 0.00);
CreateDynamicObject(1724, -1653.95, 2123.86, 1502.03, 0.00, 0.00, 90.00);
CreateDynamicObject(1744, -1637.49, 2138.97, 1502.49, 0.00, 0.00, -177.42);
CreateDynamicObject(1745, -1637.48, 2137.97, 1502.32, 0.00, 0.00, -179.40);
CreateDynamicObject(1747, -1637.47, 2139.54, 1502.34, 0.00, 0.00, -187.08);
CreateDynamicObject(1747, -1637.38, 2138.38, 1502.34, 0.00, 0.00, -165.00);
CreateDynamicObject(19445, -1655.23, 2123.97, 1502.92, 0.00, 0.00, 0.00);
CreateDynamicObject(19445, -1655.23, 2152.82, 1502.92, 0.00, 0.00, 0.00);
CreateDynamicObject(1724, -1649.28, 2123.86, 1502.03, 0.00, 0.00, 90.00);
CreateDynamicObject(3172, -1637.33, 2139.06, 1501.71, 0.00, 0.00, 90.00);
CreateDynamicObject(1743, -1637.24, 2140.02, 1502.44, 0.00, 0.00, -181.92);
CreateDynamicObject(1748, -1637.16, 2139.59, 1502.22, 0.00, 0.00, -162.48);
CreateDynamicObject(1738, -1637.12, 2138.98, 1502.22, 0.00, 0.00, -179.46);
CreateDynamicObject(679, -1637.33, 2141.05, 1501.71, 0.00, 0.00, 0.00);
CreateDynamicObject(1416, -1654.79, 2153.38, 1501.73, 0.00, 0.00, 90.00);
CreateDynamicObject(19383, -1640.22, 2148.08, 1502.92, 0.00, 0.00, 0.00);
CreateDynamicObject(741, -1637.33, 2142.71, 1501.52, 0.00, 0.00, 0.00);
CreateDynamicObject(19445, -1636.66, 2141.76, 1502.92, 0.00, 0.00, 90.00);
CreateDynamicObject(19383, -1640.22, 2127.87, 1502.92, 0.00, 0.00, 0.00);
CreateDynamicObject(1739, -1636.59, 2141.66, 1503.05, 0.00, 0.00, 90.00);
CreateDynamicObject(19445, -1636.66, 2134.14, 1502.92, 0.00, 0.00, 90.00);
CreateDynamicObject(19445, -1636.66, 2143.20, 1502.92, 0.00, 0.00, 90.00);
CreateDynamicObject(3185, -1637.63, 2145.67, 1502.26, 0.00, 0.00, 90.00);
CreateDynamicObject(2894, -1654.81, 2122.37, 1502.30, 0.00, 0.00, 95.04);
CreateDynamicObject(1416, -1654.80, 2122.37, 1501.73, 0.00, 0.00, 90.00);
CreateDynamicObject(10231, -1638.17, 2129.88, 1502.49, 0.00, 0.00, -0.18);
CreateDynamicObject(1671, -1635.74, 2139.06, 1501.66, 0.00, 0.00, -92.46);
CreateDynamicObject(1502, -1640.20, 2127.12, 1501.15, 0.00, 0.00, 90.00);
CreateDynamicObject(19445, -1636.66, 2132.70, 1502.92, 0.00, 0.00, 90.00);
CreateDynamicObject(10211, -1640.05, 2149.66, 1502.73, 0.00, 0.00, 90.00);
CreateDynamicObject(3178, -1636.44, 2143.65, 1502.12, 0.00, 0.00, 0.00);
CreateDynamicObject(19383, -1647.72, 2154.35, 1502.93, 0.00, 0.00, 0.00);
CreateDynamicObject(1724, -1653.95, 2154.89, 1502.03, 0.00, 0.00, 90.00);
CreateDynamicObject(1502, -1647.74, 2122.35, 1501.15, 0.00, 0.00, -90.00);
CreateDynamicObject(10178, -1635.66, 2134.51, 1502.46, 0.00, 0.00, 90.00);
CreateDynamicObject(3180, -1636.64, 2145.59, 1501.80, 0.00, 0.00, 90.00);
CreateDynamicObject(2028, -1640.69, 2151.34, 1501.61, 0.00, 0.00, 0.00);
CreateDynamicObject(1502, -1647.74, 2155.14, 1501.15, 0.00, 0.00, -90.00);
CreateDynamicObject(19383, -1647.72, 2121.56, 1502.92, 0.00, 0.00, 0.00);
CreateDynamicObject(1726, -1640.88, 2125.03, 1502.52, 0.00, 0.00, 0.84);
CreateDynamicObject(3179, -1654.24, 2155.77, 1502.19, 0.00, 0.00, -66.60);
CreateDynamicObject(679, -1639.62, 2150.67, 1501.71, 0.00, 0.00, 0.00);
CreateDynamicObject(19353, -1640.22, 2151.28, 1502.92, 0.00, 0.00, 0.00);
CreateDynamicObject(1724, -1653.95, 2120.86, 1502.03, 0.00, 0.00, 90.00);
CreateDynamicObject(3186, -1640.86, 2124.81, 1501.68, 0.00, 0.00, 92.10);
CreateDynamicObject(3178, -1636.59, 2129.81, 1502.12, 0.00, 0.00, 180.00);
CreateDynamicObject(10228, -1639.15, 2126.21, 1502.70, 0.00, 0.00, -15.48);
CreateDynamicObject(741, -1639.65, 2125.69, 1501.52, 0.00, 0.00, 0.00);
CreateDynamicObject(3185, -1637.61, 2148.78, 1502.26, 0.00, 0.00, 90.00);
CreateDynamicObject(1745, -1654.77, 2156.30, 1502.41, 0.00, 0.00, -167.04);
CreateDynamicObject(10178, -1634.22, 2141.51, 1502.46, 0.00, 0.00, -90.00);
CreateDynamicObject(19353, -1640.22, 2124.66, 1502.92, 0.00, 0.00, 0.00);
CreateDynamicObject(1416, -1654.79, 2156.38, 1501.73, 0.00, 0.00, 90.00);
CreateDynamicObject(2894, -1648.18, 2156.40, 1502.30, 0.00, 0.00, 93.42);
CreateDynamicObject(1416, -1648.16, 2156.42, 1501.73, 0.00, 0.00, -90.00);
CreateDynamicObject(19445, -1635.45, 2130.23, 1502.92, 0.00, 0.00, 90.00);
CreateDynamicObject(3180, -1636.64, 2148.79, 1501.80, 0.00, 0.00, 90.00);
CreateDynamicObject(10121, -1633.40, 2139.24, 1501.78, 0.00, 0.00, 90.00);
CreateDynamicObject(741, -1633.49, 2136.41, 1501.52, 0.00, 0.00, 0.00);
CreateDynamicObject(10121, -1633.43, 2136.61, 1501.78, 0.00, 0.00, 90.00);
CreateDynamicObject(1739, -1638.32, 2151.19, 1502.97, 0.00, 0.00, 90.00);
CreateDynamicObject(3186, -1637.73, 2150.62, 1501.68, 0.00, 0.00, 3.24);
CreateDynamicObject(679, -1639.64, 2124.05, 1501.71, 0.00, 0.00, 0.00);
CreateDynamicObject(741, -1638.05, 2151.15, 1501.52, 0.00, 0.00, -73.50);
CreateDynamicObject(10237, -1636.29, 2127.85, 1501.89, 0.00, 0.00, 91.38);
CreateDynamicObject(679, -1633.45, 2134.75, 1501.71, 0.00, 0.00, 0.00);
CreateDynamicObject(10178, -1638.44, 2151.76, 1502.46, 0.00, 0.00, 90.00);
CreateDynamicObject(1745, -1654.74, 2119.35, 1502.41, 0.00, 0.00, -167.04);
CreateDynamicObject(1416, -1654.78, 2119.36, 1501.73, 0.00, 0.00, 90.00);
CreateDynamicObject(10236, -1635.92, 2128.07, 1501.21, 0.00, 0.00, 91.38);
CreateDynamicObject(1930, -1632.85, 2137.47, 1502.54, 0.00, 0.00, 0.00);
CreateDynamicObject(10232, -1637.46, 2125.76, 1502.49, 0.00, 0.00, 180.96);
CreateDynamicObject(1369, -1646.98, 2157.05, 1501.83, 0.00, 0.00, 83.70);
CreateDynamicObject(1416, -1648.15, 2119.39, 1501.73, 0.00, 0.00, -90.00);
CreateDynamicObject(2894, -1648.06, 2119.40, 1502.30, 0.00, 0.00, 83.82);
CreateDynamicObject(19449, -1632.69, 2138.17, 1502.92, 0.00, 0.00, 0.00);
CreateDynamicObject(19449, -1632.69, 2138.15, 1502.92, 0.00, 0.00, 0.00);
CreateDynamicObject(19426, -1632.89, 2141.49, 1502.92, 0.00, 0.00, 0.00);
CreateDynamicObject(10258, -1640.10, 2122.99, 1503.03, 0.00, 0.00, 90.00);
CreateDynamicObject(1724, -1653.95, 2157.89, 1502.03, 0.00, 0.00, 90.00);
CreateDynamicObject(19426, -1632.89, 2134.46, 1502.92, 0.00, 0.00, 0.00);
CreateDynamicObject(19426, -1632.84, 2134.46, 1502.92, 0.00, 0.00, 0.00);
CreateDynamicObject(10256, -1639.87, 2122.97, 1502.45, 0.00, 0.00, 90.00);
CreateDynamicObject(1724, -1649.29, 2157.89, 1502.03, 0.00, 0.00, 90.00);
CreateDynamicObject(10257, -1640.15, 2122.58, 1502.81, 0.00, 0.00, 90.00);
CreateDynamicObject(10264, -1637.97, 2124.52, 1501.22, 0.00, 0.00, 0.00);
CreateDynamicObject(3179, -1654.31, 2118.64, 1502.19, 0.00, 0.00, -66.60);
CreateDynamicObject(10226, -1633.61, 2145.58, 1503.78, 0.00, 0.00, -90.00);
CreateDynamicObject(3186, -1647.00, 2119.13, 1501.68, 0.00, 0.00, 95.70);
CreateDynamicObject(3178, -1636.55, 2125.82, 1502.12, 0.00, 0.00, 0.00);
CreateDynamicObject(19383, -1640.22, 2154.47, 1502.92, 0.00, 0.00, 0.00);
CreateDynamicObject(3179, -1648.43, 2118.57, 1502.19, 0.00, 0.00, -113.40);
CreateDynamicObject(10258, -1633.34, 2145.68, 1502.73, 0.00, 0.00, -90.00);
CreateDynamicObject(10230, -1634.03, 2129.36, 1502.70, 0.00, 0.00, -30.72);
CreateDynamicObject(3182, -1633.75, 2147.21, 1501.93, 0.00, 0.00, -90.00);
CreateDynamicObject(741, -1647.10, 2118.60, 1501.52, 0.00, 0.00, 0.00);
CreateDynamicObject(1724, -1653.95, 2117.86, 1502.03, 0.00, 0.00, 90.00);
CreateDynamicObject(19383, -1640.22, 2121.46, 1502.92, 0.00, 0.00, 0.00);
CreateDynamicObject(1724, -1649.28, 2117.86, 1502.03, 0.00, 0.00, 90.00);
CreateDynamicObject(10257, -1633.37, 2147.20, 1502.73, 0.00, 0.00, -90.00);
CreateDynamicObject(1709, -1644.05, 2157.53, 1504.59, 0.00, 0.00, 0.00);
CreateDynamicObject(1739, -1635.72, 2151.37, 1502.97, 0.00, 0.00, -90.00);
CreateDynamicObject(19450, -1631.18, 2137.90, 1502.92, 90.00, 0.00, -90.00);
CreateDynamicObject(19450, -1631.18, 2137.90, 1501.28, 0.00, 90.00, 180.00);
CreateDynamicObject(19450, -1631.18, 2137.90, 1503.46, 0.00, 90.00, 180.00);
CreateDynamicObject(19450, -1631.18, 2140.62, 1502.92, 90.00, 0.00, -90.00);
CreateDynamicObject(19445, -1635.46, 2151.27, 1502.92, 0.00, 0.00, 90.00);
CreateDynamicObject(19450, -1631.18, 2137.90, 1504.59, 0.00, 90.00, 180.00);
CreateDynamicObject(1930, -1651.92, 2159.46, 1502.54, 0.00, 0.00, 90.00);
CreateDynamicObject(1671, -1638.51, 2154.49, 1501.66, 0.00, 0.00, 95.60);
CreateDynamicObject(1709, -1644.05, 2119.03, 1504.59, 0.00, 0.00, 0.00);
CreateDynamicObject(10200, -1637.95, 2122.76, 1501.24, 0.00, 0.00, 0.00);
CreateDynamicObject(1739, -1635.32, 2151.19, 1502.97, 0.00, 0.00, 90.00);
CreateDynamicObject(679, -1647.09, 2158.92, 1501.71, 0.00, 0.00, 0.00);
CreateDynamicObject(19445, -1635.44, 2125.36, 1502.92, 0.00, 0.00, 90.00);
CreateDynamicObject(19450, -1631.18, 2135.33, 1502.92, 90.00, 0.00, -90.00);
CreateDynamicObject(1671, -1636.70, 2152.91, 1501.66, 0.00, 0.00, 180.66);
CreateDynamicObject(19426, -1654.37, 2159.45, 1502.92, 0.00, 0.00, 90.00);
CreateDynamicObject(19449, -1652.48, 2159.58, 1502.92, 0.00, 0.00, 90.00);
CreateDynamicObject(19445, -1633.22, 2147.99, 1502.92, 0.00, 0.00, 0.00);
CreateDynamicObject(19445, -1632.91, 2129.35, 1502.92, 0.00, 0.00, 0.00);
CreateDynamicObject(10258, -1633.35, 2148.36, 1502.73, 0.00, 0.00, -90.00);
CreateDynamicObject(10226, -1633.61, 2148.75, 1503.78, 0.00, 0.00, -90.00);
CreateDynamicObject(10233, -1634.96, 2125.79, 1502.49, 0.00, 0.00, 180.96);
CreateDynamicObject(1502, -1640.20, 2120.72, 1501.15, 0.00, 0.00, 90.00);
CreateDynamicObject(19426, -1648.58, 2159.45, 1502.92, 0.00, 0.00, 90.00);
CreateDynamicObject(3186, -1634.61, 2150.69, 1501.68, 0.00, 0.00, -3.42);
CreateDynamicObject(10261, -1637.21, 2122.94, 1503.70, 0.00, 0.00, 0.00);
CreateDynamicObject(1569, -1632.97, 2128.60, 1501.20, 0.00, 0.00, -90.00);
CreateDynamicObject(19445, -1635.44, 2124.64, 1502.92, 0.00, 0.00, 90.00);
CreateDynamicObject(3186, -1641.13, 2157.02, 1501.68, 0.00, 0.00, 93.18);
CreateDynamicObject(10036, -1637.16, 2122.69, 1502.44, 0.00, 0.00, 0.00);
CreateDynamicObject(1930, -1653.49, 2116.73, 1502.54, 0.00, 0.00, 90.00);
CreateDynamicObject(10200, -1637.02, 2122.76, 1501.24, 0.00, 0.00, 0.00);
CreateDynamicObject(10257, -1633.32, 2149.31, 1502.73, 0.00, 0.00, -90.00);
CreateDynamicObject(19426, -1654.35, 2116.71, 1502.92, 0.00, 0.00, 90.00);
CreateDynamicObject(19449, -1652.48, 2116.56, 1502.92, 0.00, 0.00, 90.00);
CreateDynamicObject(19426, -1648.59, 2116.71, 1502.92, 0.00, 0.00, 90.00);
CreateDynamicObject(679, -1647.09, 2116.96, 1501.71, 0.00, 0.00, 0.00);
CreateDynamicObject(1569, -1634.88, 2124.59, 1501.20, 0.00, 0.00, 180.00);
CreateDynamicObject(10270, -1636.57, 2122.60, 1502.52, 0.00, 0.00, 19.02);
CreateDynamicObject(1671, -1638.54, 2155.89, 1501.66, 0.00, 0.00, 89.00);
CreateDynamicObject(1739, -1640.11, 2157.07, 1502.97, 0.00, 0.00, 180.00);
CreateDynamicObject(1569, -1645.47, 2159.58, 1501.20, 0.00, 0.00, 0.00);
CreateDynamicObject(1739, -1640.30, 2157.38, 1503.05, 0.00, 0.00, 0.00);
CreateDynamicObject(10200, -1636.09, 2122.76, 1501.24, 0.00, 0.00, 0.00);
CreateDynamicObject(19426, -1646.88, 2116.52, 1502.92, 0.00, 0.00, 90.00);
CreateDynamicObject(2894, -1636.50, 2154.72, 1502.20, 0.00, 0.00, 79.44);
CreateDynamicObject(679, -1633.97, 2151.85, 1501.71, 0.00, 0.00, 0.00);
CreateDynamicObject(10269, -1635.91, 2122.58, 1502.42, 0.00, 0.00, 19.02);
CreateDynamicObject(19445, -1644.33, 2159.64, 1502.92, 0.00, 0.00, 90.00);
CreateDynamicObject(10264, -1634.23, 2124.52, 1501.22, 0.00, 0.00, 0.00);
CreateDynamicObject(2028, -1640.66, 2118.82, 1501.61, 0.00, 0.00, 0.00);
CreateDynamicObject(741, -1640.92, 2118.59, 1501.52, 0.00, 0.00, 0.00);
CreateDynamicObject(741, -1647.08, 2160.57, 1501.52, 0.00, 0.00, 0.00);
CreateDynamicObject(741, -1647.08, 2160.57, 1501.52, 0.00, 0.00, 0.00);
CreateDynamicObject(19450, -1651.46, 2161.14, 1502.92, 90.00, 0.00, 0.00);
CreateDynamicObject(19450, -1653.51, 2161.14, 1502.92, 90.00, 0.00, 0.00);
CreateDynamicObject(19445, -1647.72, 2160.76, 1502.92, 0.00, 0.00, 0.00);
CreateDynamicObject(1739, -1640.37, 2118.80, 1503.05, 0.00, 0.00, 0.00);
CreateDynamicObject(19450, -1654.00, 2161.14, 1501.30, 0.00, 90.00, -90.00);
CreateDynamicObject(19450, -1654.00, 2161.14, 1503.55, 0.00, 90.00, -90.00);
CreateDynamicObject(3172, -1636.80, 2155.38, 1501.70, 0.00, 0.00, 90.00);
CreateDynamicObject(19450, -1649.47, 2161.14, 1502.92, 90.00, 0.00, 0.00);
CreateDynamicObject(19450, -1654.00, 2161.14, 1504.58, 0.00, 90.00, -90.00);
CreateDynamicObject(3172, -1636.63, 2155.38, 1501.69, 0.00, 0.00, -90.00);
CreateDynamicObject(10200, -1635.17, 2122.76, 1501.24, 0.00, 0.00, 0.00);
CreateDynamicObject(2894, -1637.01, 2155.87, 1502.20, 0.00, 0.00, 96.84);
CreateDynamicObject(1569, -1642.47, 2159.59, 1501.20, 0.00, 0.00, 180.00);
CreateDynamicObject(19450, -1651.51, 2115.02, 1502.92, 90.00, 0.00, 180.00);
CreateDynamicObject(19450, -1653.48, 2115.02, 1502.92, 90.00, 0.00, 180.00);
CreateDynamicObject(19450, -1653.43, 2115.02, 1501.27, 0.00, 90.00, 90.00);
CreateDynamicObject(10269, -1634.88, 2122.50, 1502.42, 0.00, 0.00, 76.98);
CreateDynamicObject(19449, -1643.89, 2116.43, 1502.92, 0.00, 0.00, 90.00);
CreateDynamicObject(19450, -1654.04, 2115.02, 1503.55, 0.00, 90.00, 90.00);
CreateDynamicObject(10270, -1634.60, 2122.74, 1502.52, 0.00, 0.00, -28.56);
CreateDynamicObject(19450, -1649.48, 2115.02, 1502.92, 90.00, 0.00, 180.00);
CreateDynamicObject(679, -1640.86, 2159.04, 1501.71, 0.00, 0.00, 0.00);
CreateDynamicObject(19450, -1653.97, 2115.02, 1504.58, 0.00, 90.00, 90.00);
CreateDynamicObject(741, -1634.00, 2153.53, 1501.52, 0.00, 0.00, 0.00);
CreateDynamicObject(19445, -1647.72, 2115.14, 1502.92, 0.00, 0.00, 0.00);
CreateDynamicObject(1745, -1637.72, 2157.17, 1502.33, 0.00, 0.00, -100.38);
CreateDynamicObject(10269, -1638.22, 2119.21, 1502.08, 0.00, 0.00, 84.36);
CreateDynamicObject(1671, -1634.96, 2154.70, 1501.66, 0.00, 0.00, -90.66);
CreateDynamicObject(1930, -1642.99, 2116.52, 1502.54, 0.00, 0.00, 90.00);
CreateDynamicObject(10200, -1634.24, 2122.76, 1501.24, 0.00, 0.00, 0.00);
CreateDynamicObject(1432, -1638.40, 2118.90, 1501.34, 0.00, 0.00, 63.12);
CreateDynamicObject(10270, -1638.36, 2118.90, 1502.18, 0.00, 0.00, -46.86);
CreateDynamicObject(10036, -1634.04, 2122.73, 1502.44, 0.00, 0.00, 0.00);
CreateDynamicObject(1747, -1637.24, 2157.16, 1502.34, 0.00, 0.00, -100.38);
CreateDynamicObject(679, -1639.48, 2158.76, 1501.71, 0.00, 0.00, 0.00);
CreateDynamicObject(10263, -1632.39, 2124.53, 1502.74, 0.00, 0.00, 0.00);
CreateDynamicObject(741, -1631.62, 2125.62, 1501.52, 0.00, 0.00, 0.00);
CreateDynamicObject(679, -1640.91, 2116.93, 1501.71, 0.00, 0.00, 0.00);
CreateDynamicObject(1748, -1637.26, 2157.50, 1502.21, 0.00, 0.00, -103.50);
CreateDynamicObject(19445, -1655.23, 2114.34, 1502.92, 0.00, 0.00, 0.00);
CreateDynamicObject(19445, -1655.23, 2162.43, 1502.92, 0.00, 0.00, 0.00);
CreateDynamicObject(10178, -1633.10, 2153.53, 1502.46, 0.00, 0.00, 180.00);
CreateDynamicObject(1744, -1636.68, 2157.17, 1502.49, 0.00, 0.00, -89.88);
CreateDynamicObject(19450, -1646.00, 2114.84, 1502.92, 90.00, 0.00, 180.00);
CreateDynamicObject(3172, -1636.73, 2157.26, 1501.71, 0.00, 0.00, 180.00);
CreateDynamicObject(10269, -1633.35, 2122.73, 1502.42, 0.00, 0.00, 111.90);
CreateDynamicObject(10200, -1633.32, 2122.76, 1501.24, 0.00, 0.00, 0.00);
CreateDynamicObject(19426, -1641.07, 2116.52, 1502.92, 0.00, 0.00, 90.00);
CreateDynamicObject(1738, -1636.70, 2157.51, 1502.21, 0.00, 0.00, -88.74);
CreateDynamicObject(19450, -1645.06, 2114.84, 1502.92, 90.00, 0.00, 180.00);
CreateDynamicObject(1671, -1634.96, 2156.03, 1501.66, 0.00, 0.00, -89.88);
CreateDynamicObject(1747, -1636.12, 2157.16, 1502.34, 0.00, 0.00, -78.84);
CreateDynamicObject(19426, -1639.38, 2159.53, 1502.92, 0.00, 0.00, 90.00);
CreateDynamicObject(741, -1640.85, 2160.63, 1501.52, 0.00, 0.00, 0.00);
CreateDynamicObject(1743, -1635.74, 2157.30, 1502.43, 0.00, 0.00, -89.88);
CreateDynamicObject(679, -1631.59, 2124.05, 1501.71, 0.00, 0.00, 0.00);
CreateDynamicObject(19426, -1639.38, 2116.78, 1502.92, 0.00, 0.00, 90.00);
CreateDynamicObject(741, -1637.96, 2159.22, 1501.52, 0.00, 0.00, -73.50);
CreateDynamicObject(19450, -1642.99, 2114.84, 1502.92, 90.00, 0.00, 180.00);
CreateDynamicObject(19445, -1640.22, 2160.89, 1502.92, 0.00, 0.00, 0.00);
CreateDynamicObject(1671, -1636.76, 2158.81, 1501.66, 0.00, 0.00, 0.00);
CreateDynamicObject(19450, -1641.94, 2114.84, 1502.92, 90.00, 0.00, 180.00);
CreateDynamicObject(19450, -1641.94, 2114.84, 1501.27, 0.00, 90.00, 90.00);
CreateDynamicObject(19450, -1641.94, 2114.84, 1503.55, 0.00, 90.00, 90.00);
CreateDynamicObject(19450, -1641.94, 2114.84, 1504.58, 0.00, 90.00, 90.00);
CreateDynamicObject(1432, -1635.55, 2118.67, 1501.34, 0.00, 0.00, -25.74);
CreateDynamicObject(19445, -1633.32, 2156.04, 1502.92, 0.00, 0.00, 0.00);
CreateDynamicObject(10270, -1635.44, 2118.66, 1502.18, 0.00, 0.00, -104.16);
CreateDynamicObject(10269, -1635.53, 2118.27, 1502.08, 0.00, 0.00, -16.50);
CreateDynamicObject(19445, -1640.22, 2115.05, 1502.92, 0.00, 0.00, 0.00);
CreateDynamicObject(19450, -1638.51, 2161.20, 1502.92, 90.00, 0.00, 0.00);
CreateDynamicObject(1930, -1635.79, 2159.52, 1502.54, 0.00, 0.00, 90.00);
CreateDynamicObject(10178, -1633.06, 2157.23, 1502.46, 0.00, 0.00, 180.00);
CreateDynamicObject(10010, -1631.56, 2121.16, 1502.30, 0.00, 0.00, -90.00);
CreateDynamicObject(19450, -1638.50, 2115.11, 1502.92, 90.00, 0.00, 180.00);
CreateDynamicObject(19449, -1635.31, 2159.64, 1502.92, 0.00, 0.00, 90.00);
CreateDynamicObject(1930, -1635.63, 2116.84, 1502.54, 0.00, 0.00, 90.00);
CreateDynamicObject(19449, -1635.48, 2116.71, 1502.92, 0.00, 0.00, 90.00);
CreateDynamicObject(19445, -1635.40, 2116.66, 1502.92, 0.00, 0.00, 90.00);
CreateDynamicObject(19450, -1636.76, 2161.20, 1502.92, 90.00, 0.00, 0.00);
CreateDynamicObject(10269, -1632.94, 2118.65, 1502.08, 0.00, 0.00, 92.94);
CreateDynamicObject(679, -1633.89, 2159.06, 1501.71, 0.00, 0.00, 0.00);
CreateDynamicObject(19450, -1637.34, 2115.11, 1502.92, 90.00, 0.00, 180.00);
CreateDynamicObject(1432, -1632.66, 2118.86, 1501.34, 0.00, 0.00, -51.54);
CreateDynamicObject(10269, -1632.42, 2119.06, 1502.08, 0.00, 0.00, 188.76);
CreateDynamicObject(10270, -1632.67, 2118.80, 1502.18, 0.00, 0.00, -184.62);
CreateDynamicObject(19426, -1634.18, 2159.53, 1502.92, 0.00, 0.00, 90.00);
CreateDynamicObject(19445, -1631.01, 2120.18, 1502.92, 0.00, 0.00, 0.00);
CreateDynamicObject(19450, -1635.04, 2161.20, 1502.92, 90.00, 0.00, 0.00);
CreateDynamicObject(19450, -1635.04, 2161.20, 1501.30, 0.00, 90.00, -90.00);
CreateDynamicObject(19450, -1635.04, 2161.20, 1503.55, 0.00, 90.00, -90.00);
CreateDynamicObject(19450, -1635.60, 2115.11, 1502.92, 90.00, 0.00, 180.00);
CreateDynamicObject(19450, -1635.04, 2161.20, 1504.58, 0.00, 90.00, -90.00);
CreateDynamicObject(19450, -1635.14, 2115.11, 1501.27, 0.00, 90.00, 90.00);
CreateDynamicObject(19450, -1635.14, 2115.11, 1503.55, 0.00, 90.00, 90.00);
CreateDynamicObject(741, -1632.41, 2159.45, 1501.52, 0.00, 0.00, -73.50);
CreateDynamicObject(19450, -1635.14, 2115.11, 1504.58, 0.00, 90.00, 90.00);
CreateDynamicObject(19450, -1633.86, 2115.11, 1502.92, 90.00, 0.00, 180.00);
CreateDynamicObject(19426, -1631.86, 2116.78, 1502.92, 0.00, 0.00, 90.00);
CreateDynamicObject(19450, -1632.72, 2115.11, 1502.92, 90.00, 0.00, 180.00);
CreateDynamicObject(741, -1508.48, 2007.99, 1499.80, 0.00, 0.00, 0.00);
CreateDynamicObject(19453, -1508.02, 2006.88, 1501.26, 0.00, 0.00, 90.00);
CreateDynamicObject(679, -1508.48, 2006.37, 1499.92, 0.00, 0.00, 0.00);
CreateDynamicObject(1739, -1506.27, 2006.79, 1501.09, 0.00, 0.00, 90.00);
CreateDynamicObject(19453, -1509.05, 2003.68, 1501.26, 0.00, 0.00, 0.00);
CreateDynamicObject(19466, -1508.94, 2003.79, 1501.39, 0.00, 0.00, 0.00);
CreateDynamicObject(19453, -1503.20, 2010.09, 1501.26, 0.00, 0.00, 0.00);
CreateDynamicObject(741, -1502.64, 2010.53, 1499.80, 0.00, 0.00, 0.00);
CreateDynamicObject(1671, -1507.79, 2004.45, 1499.94, 0.00, 0.00, 89.10);
CreateDynamicObject(1745, -1506.15, 2005.58, 1500.60, 0.00, 0.00, 178.74);
CreateDynamicObject(1747, -1506.31, 2005.04, 1500.62, 0.00, 0.00, 378.00);
CreateDynamicObject(1738, -1506.59, 2004.49, 1500.51, 0.00, 0.00, 363.42);
CreateDynamicObject(679, -1502.64, 2008.92, 1499.92, 0.00, 0.00, 0.00);
CreateDynamicObject(3172, -1506.26, 2004.46, 1499.99, 0.00, 0.00, -90.00);
CreateDynamicObject(1744, -1506.25, 2004.45, 1500.78, 0.00, 0.00, -0.24);
CreateDynamicObject(1671, -1505.18, 2005.57, 1499.94, 0.00, 0.00, 1.08);
CreateDynamicObject(1748, -1506.60, 2003.90, 1500.53, 0.00, 0.00, 348.96);
CreateDynamicObject(1747, -1506.32, 2003.89, 1500.62, 0.00, 0.00, 340.50);
CreateDynamicObject(1743, -1506.33, 2003.49, 1500.72, 0.00, 0.00, -0.24);
CreateDynamicObject(1739, -1503.10, 2006.73, 1501.09, 0.00, 0.00, 180.00);
CreateDynamicObject(19453, -1508.07, 2000.78, 1501.26, 0.00, 0.00, 90.00);
CreateDynamicObject(1416, -1507.74, 2001.13, 1500.03, 0.00, 0.00, 180.00);
CreateDynamicObject(19466, -1500.35, 2009.31, 1501.39, 0.00, 0.00, 90.00);
CreateDynamicObject(1416, -1503.61, 2005.56, 1500.03, 0.00, 0.00, -90.00);
CreateDynamicObject(1753, -1503.57, 2005.53, 1500.72, 0.00, 0.00, 355.50);
CreateDynamicObject(1754, -1503.57, 2005.53, 1500.72, 0.00, 0.00, 355.50);
CreateDynamicObject(1739, -1507.73, 2000.88, 1501.46, 0.00, 0.00, -90.00);
CreateDynamicObject(19453, -1499.97, 2009.43, 1501.26, 0.00, 0.00, 90.00);
CreateDynamicObject(1671, -1502.45, 2006.50, 1499.94, 0.00, 0.00, 89.10);
CreateDynamicObject(1671, -1505.09, 2003.29, 1499.94, 0.00, 0.00, 179.82);
CreateDynamicObject(1745, -1500.68, 2007.65, 1500.60, 0.00, 0.00, 140.22);
CreateDynamicObject(1747, -1500.88, 2007.19, 1500.62, 0.00, 0.00, 378.00);
CreateDynamicObject(19071, -1497.06, 2011.69, 1503.98, 0.00, 0.00, 0.00);
CreateDynamicObject(19071, -1497.06, 2011.69, 1498.51, 0.00, 180.00, 0.00);
CreateDynamicObject(19071, -1497.06, 2011.69, 1498.51, 0.00, 180.00, 0.00);
CreateDynamicObject(19071, -1497.06, 2011.69, 1498.51, 0.00, 180.00, 0.00);
CreateDynamicObject(19071, -1497.06, 2011.69, 1498.51, 0.00, 180.00, 0.00);
CreateDynamicObject(1502, -1503.22, 2004.45, 1499.48, 0.00, 0.00, -90.00);
CreateDynamicObject(1738, -1501.29, 2006.58, 1500.51, 0.00, 0.00, 356.22);
CreateDynamicObject(3172, -1500.98, 2006.55, 1499.99, 0.00, 0.00, -90.00);
CreateDynamicObject(1744, -1500.79, 2006.62, 1500.78, 0.00, 0.00, 0.00);
CreateDynamicObject(1748, -1501.26, 2006.00, 1500.53, 0.00, 0.00, 348.96);
CreateDynamicObject(1671, -1499.90, 2007.57, 1499.94, 0.00, 0.00, 1.02);
CreateDynamicObject(741, -1503.88, 2003.01, 1499.80, 0.00, 0.00, 0.00);
CreateDynamicObject(19390, -1503.20, 2003.66, 1501.26, 0.00, 0.00, 0.00);
CreateDynamicObject(10178, -1505.62, 2001.01, 1500.76, 0.00, 0.00, 90.00);
CreateDynamicObject(1747, -1500.85, 2006.03, 1500.62, 0.00, 0.00, 348.36);
CreateDynamicObject(19466, -1497.85, 2009.31, 1501.39, 0.00, 0.00, 90.00);
CreateDynamicObject(1743, -1500.99, 2005.53, 1500.72, 0.00, 0.00, -4.20);
CreateDynamicObject(4422, -1501.41, 2004.51, 1503.69, 0.00, 0.00, 90.00);
CreateDynamicObject(1671, -1497.53, 2008.88, 1499.94, 0.00, 0.00, -357.54);
CreateDynamicObject(1743, -1498.61, 2007.39, 1500.72, 0.00, 0.00, -92.52);
CreateDynamicObject(679, -1503.83, 2001.39, 1499.92, 0.00, 0.00, 51.12);
CreateDynamicObject(1748, -1498.18, 2007.68, 1500.53, 0.00, 0.00, 255.36);
CreateDynamicObject(741, -1495.76, 2010.51, 1499.80, 0.00, 0.00, 0.00);
CreateDynamicObject(1671, -1499.93, 2005.47, 1499.94, 0.00, 0.00, -182.04);
CreateDynamicObject(1747, -1498.14, 2007.28, 1500.62, 0.00, 0.00, 260.22);
CreateDynamicObject(1738, -1497.53, 2007.64, 1500.51, 0.00, 0.00, 268.38);
CreateDynamicObject(741, -1501.95, 2002.47, 1499.80, 0.00, 0.00, 0.00);
CreateDynamicObject(3172, -1497.59, 2007.38, 1499.99, 0.00, 0.00, 180.00);
CreateDynamicObject(1744, -1497.60, 2007.22, 1500.78, 0.00, 0.00, -91.98);
CreateDynamicObject(19453, -1495.20, 2010.09, 1501.26, 0.00, 0.00, 0.00);
CreateDynamicObject(679, -1495.76, 2008.88, 1499.92, 0.00, 0.00, 0.00);
CreateDynamicObject(1747, -1497.08, 2007.24, 1500.62, 0.00, 0.00, 283.92);
CreateDynamicObject(1745, -1496.58, 2007.26, 1500.60, 0.00, 0.00, 79.56);
CreateDynamicObject(679, -1501.92, 2000.84, 1499.92, 0.00, 0.00, 0.00);
CreateDynamicObject(1739, -1495.29, 2006.95, 1501.54, 0.00, 0.00, 0.00);
CreateDynamicObject(4422, -1496.91, 2004.51, 1503.69, 0.00, 0.00, 90.00);
CreateDynamicObject(19434, -1500.70, 2000.00, 1501.26, 0.00, 0.00, 0.00);
CreateDynamicObject(19453, -1503.20, 1997.24, 1501.26, 0.00, 0.00, 0.00);
CreateDynamicObject(1535, -1499.93, 2000.75, 1499.48, 0.00, 0.00, 0.00);
CreateDynamicObject(1416, -1495.60, 2005.32, 1500.03, 0.00, 0.00, -90.00);
CreateDynamicObject(1754, -1495.58, 2005.30, 1500.72, 0.00, 0.00, 355.50);
CreateDynamicObject(1753, -1495.58, 2005.30, 1500.72, 0.00, 0.00, 355.50);
CreateDynamicObject(19453, -1499.94, 2000.19, 1501.26, 0.00, 0.00, 90.00);
CreateDynamicObject(19361, -1499.18, 2000.71, 1501.26, 0.00, 0.00, 90.00);
CreateDynamicObject(1754, -1494.80, 2005.72, 1500.72, 0.00, 0.00, 178.20);
CreateDynamicObject(1753, -1494.80, 2005.72, 1500.72, 0.00, 0.00, 178.20);
CreateDynamicObject(1416, -1494.81, 2005.68, 1500.03, 0.00, 0.00, 90.00);
CreateDynamicObject(1739, -1492.60, 2006.99, 1501.09, 0.00, 0.00, 90.00);
CreateDynamicObject(741, -1496.46, 2002.42, 1499.80, 0.00, 0.00, 0.00);
CreateDynamicObject(19390, -1495.20, 2003.66, 1501.26, 0.00, 0.00, 0.00);
CreateDynamicObject(19466, -1489.80, 2003.95, 1501.39, 0.00, 0.00, 0.00);