	CreateObject(968, 1867.96, -1972.38, 32.58,   0.00, 55.00, 0.00);
	CreateObject(968, 1867.72, -1969.49, 32.58,   0.00, 55.00, 180.00);
	CreateObject(988, 1899.22, -1914.49, 32.93,   -90.00, 0.00, 0.00);
	CreateObject(4640, 1863.89, -1988.13, 28.02,   0.00, 0.00, 0.00);
	CreateObject(4640, 1868.11, -1988.13, 28.02,   0.00, 0.00, 0.00);
	CreateObject(4640, 1872.35, -1988.13, 28.02,   0.00, 0.00, 0.00);
	CreateObject(1938, 1897.43, -1925.84, 34.17,   0.00, 0.00, 88.74);
	CreateObject(1798, 1896.49, -1925.84, 36.37,   0.00, 0.00, 90.00);
	CreateObject(19302, 1912.84, -1910.65, 41.57,   0.00, 0.00, -90.60);
	CreateObject(19302, 1912.84, -1910.65, 39.11,   0.00, 0.00, -90.60);
	CreateObject(1682, 1905.78, -1939.39, 51.79,   0.00, 0.00, 149.40);
	CreateObject(1275, 1915.86, -1904.38, 41.05,   0.00, 0.00, 109.98);
	CreateObject(1559, 1897.46, -1924.76, 34.09,   0.00, 0.00, 0.00);
	CreateObject(10073, 1920.99, -1902.81, 43.15,   0.00, 0.00, -89.40);
	CreateObject(10073, 1921.45, -1902.80, 43.15,   0.00, 0.00, 90.60);
	CreateObject(1749, 1935.60, -1908.92, 40.03,   0.00, 0.00, -179.70);
	CreateObject(1751, 1936.73, -1908.86, 40.25,   0.00, 0.00, 25.26);
	CreateObject(1744, 1935.34, -1908.95, 40.79,   0.00, 0.00, 179.88);
	CreateObject(1743, 1935.70, -1908.61, 40.03,   0.00, 0.00, 181.38);
	CreateObject(1745, 1935.36, -1909.44, 40.65,   0.00, 0.00, 0.00);
	CreateObject(1745, 1935.37, -1908.46, 40.65,   0.00, 0.00, 0.00);
	CreateObject(1741, 1934.78, -1909.41, 40.33,   0.00, 0.00, -1.14);
	CreateObject(10234, 1916.00, -1899.92, 41.41,   0.00, 0.00, 1.68);
	CreateObject(10234, 1916.00, -1899.92, 41.41,   0.00, 0.00, 1.68);
	CreateObject(10234, 1916.86, -1899.86, 41.41,   0.00, 0.00, 1.68);
	CreateObject(10234, 1916.86, -1899.86, 41.41,   0.00, 0.00, 1.68);
	CreateObject(10234, 1917.66, -1899.73, 41.41,   0.00, 0.00, 1.68);
	CreateObject(10234, 1917.66, -1899.73, 41.41,   0.00, 0.00, 1.68);
	CreateObject(10234, 1918.33, -1899.61, 41.41,   0.00, 0.00, 1.68);
	CreateObject(5248, 1920.66, -1905.42, 30.64,   0.00, 0.00, 87.54);
	CreateObject(10019, 1935.42, -1909.06, 39.77,   0.00, 0.00, 89.88);
	CreateObject(10019, 1937.32, -1909.06, 39.77,   0.00, 0.00, 89.88);
	CreateObject(19454, 1936.36, -1916.87, 41.37,   0.00, 0.00, -1.44);
	CreateObject(19454, 1936.29, -1919.37, 41.35,   0.00, 0.00, -1.44);
	CreateObject(19454, 1936.29, -1919.37, 41.35,   0.00, 0.00, -1.44);
	CreateObject(19454, 1937.53, -1915.12, 41.35,   0.00, 0.00, -45.78);
	CreateObject(19454, 1936.29, -1919.37, 44.85,   0.00, 0.00, -1.44);
	CreateObject(19454, 1936.36, -1916.87, 41.37,   0.00, 0.00, -1.44);
	CreateObject(19454, 1936.36, -1916.87, 44.87,   0.00, 0.00, -1.44);
	CreateObject(10250, 1929.61, -1915.05, 39.57,   0.00, 0.00, -0.06);
	CreateObject(10250, 1934.40, -1915.15, 39.57,   0.00, 0.00, -179.40);
	CreateObject(10266, 1931.44, -1919.74, 40.19,   0.00, 0.00, -110.22);
	CreateObject(10266, 1931.34, -1922.62, 40.19,   0.00, 0.00, -96.12);
	CreateObject(10264, 1929.56, -1912.36, 39.81,   0.00, 0.00, 0.66);
	CreateObject(10264, 1929.56, -1912.36, 39.81,   0.00, 0.00, 0.66);
	CreateObject(10264, 1929.56, -1912.36, 39.81,   0.00, 0.00, 0.66);
	CreateObject(10264, 1931.42, -1912.34, 39.81,   0.00, 0.00, 0.66);
	CreateObject(10248, 1934.01, -1919.78, 39.65,   0.00, 0.00, -0.24);
	CreateObject(10248, 1934.02, -1922.94, 39.65,   0.00, 0.00, -0.24);
	CreateObject(10212, 1934.67, -1919.46, 40.53,   0.00, 0.00, 88.98);
	CreateObject(10212, 1935.79, -1919.47, 40.53,   0.00, 0.00, 88.98);
	CreateObject(10210, 1929.12, -1914.99, 40.55,   0.00, 0.00, 89.70);
	CreateObject(10209, 1931.89, -1912.28, 41.97,   0.00, 0.00, -359.76);
	CreateObject(10209, 1930.01, -1912.28, 41.97,   0.00, 0.00, -359.76);
	CreateObject(10222, 1929.28, -1913.81, 41.69,   0.00, 0.00, 90.18);
	CreateObject(10270, 1930.42, -1914.97, 40.83,   0.00, 0.00, 31.44);
	CreateObject(10270, 1930.82, -1914.97, 40.83,   0.00, 0.00, 31.44);
	CreateObject(10270, 1931.21, -1914.98, 40.83,   0.00, 0.00, 31.44);
	CreateObject(10270, 1931.59, -1914.97, 40.83,   0.00, 0.00, 31.44);
	CreateObject(10270, 1930.03, -1915.00, 40.83,   0.00, 0.00, 27.78);
	CreateObject(10211, 1929.13, -1915.17, 41.55,   0.00, 0.00, 90.18);
	CreateObject(10268, 1935.16, -1918.58, 39.97,   0.00, 0.00, -0.84);
	CreateObject(19454, 1937.53, -1915.12, 41.35,   0.00, 0.00, -45.78);
	CreateObject(19454, 1938.91, -1918.43, 41.35,   0.00, 0.00, -89.52);
	CreateObject(10217, 1933.05, -1914.65, 45.13,   180.00, 0.00, 91.08);
	CreateObject(10217, 1933.84, -1918.14, 45.15,   180.00, 0.00, 30.66);
	CreateObject(10217, 1932.82, -1921.60, 45.13,   180.00, 0.00, 91.08);
	CreateObject(10213, 1932.22, -1915.30, 40.63,   0.00, 0.00, 86.22);
	CreateObject(10213, 1932.60, -1915.28, 40.63,   0.00, 0.00, 86.22);
	CreateObject(10213, 1933.02, -1915.28, 40.63,   0.00, 0.00, 86.22);
	CreateObject(10213, 1933.51, -1915.29, 40.63,   0.00, 0.00, 86.22);
	CreateObject(10213, 1933.99, -1915.29, 40.63,   0.00, 0.00, 86.22);
	CreateObject(10015, 1932.41, -1915.28, 40.68,   0.00, 0.00, 153.30);
	CreateObject(10015, 1932.82, -1915.27, 40.68,   0.00, 0.00, 153.30);
	CreateObject(10015, 1933.27, -1915.25, 40.68,   0.00, 0.00, 153.30);
	CreateObject(10015, 1933.77, -1915.25, 40.68,   0.00, 0.00, 153.30);
	CreateObject(10025, 1931.66, -1919.95, 40.67,   -25.92, 23.82, 34.50);
	CreateObject(10025, 1931.62, -1922.55, 40.67,   -25.92, 23.82, 66.42);
	CreateObject(10025, 1931.07, -1922.79, 40.67,   -25.92, 23.82, 246.00);
	CreateObject(10011, 1929.44, -1916.19, 40.79,   0.00, 0.00, 91.20);
	CreateObject(10199, 1936.80, -1913.43, 41.21,   0.00, 0.00, -91.68);
	CreateObject(10243, 1929.25, -1918.43, 39.81,   0.00, 0.00, 90.60);
	CreateObject(10243, 1929.26, -1916.54, 39.81,   0.00, 0.00, 90.54);
	CreateObject(10267, 1932.55, -1920.02, 40.29,   0.00, 0.00, -4.56);
	CreateObject(10267, 1931.89, -1918.94, 40.29,   0.00, 0.00, 78.42);
	CreateObject(10267, 1930.65, -1919.45, 40.29,   0.00, 0.00, 173.58);
	CreateObject(10267, 1931.26, -1920.61, 40.29,   0.00, 0.00, 253.74);
	CreateObject(10267, 1931.47, -1921.74, 40.29,   0.00, 0.00, 80.34);
	CreateObject(10267, 1932.35, -1922.71, 40.29,   0.00, 0.00, -9.42);
	CreateObject(10267, 1931.19, -1923.60, 40.29,   0.00, 0.00, -139.50);
	CreateObject(10267, 1930.47, -1922.51, 40.29,   0.00, 0.00, -203.46);
	CreateObject(10189, 1935.12, -1918.56, 41.71,   0.00, 0.00, 1.02);
	CreateObject(19370, 1922.85, -1920.43, 42.89,   0.00, 0.00, 89.88);
	CreateObject(19370, 1923.87, -1920.43, 42.89,   0.00, 0.00, 89.88);
	CreateObject(19370, 1925.37, -1918.85, 42.89,   0.00, 0.00, 0.24);
	CreateObject(19370, 1925.36, -1915.68, 42.89,   0.00, 0.00, 0.24);
	CreateObject(19370, 1925.34, -1913.05, 42.89,   0.00, 0.00, 0.24);
	CreateObject(10271, 1922.23, -1920.98, 40.37,   0.00, 0.00, -0.12);
	CreateObject(10271, 1923.09, -1920.98, 40.37,   0.00, 0.00, -0.12);
	CreateObject(10271, 1923.93, -1920.98, 40.37,   0.00, 0.00, -0.12);
	CreateObject(10271, 1924.71, -1920.98, 40.37,   0.00, 0.00, -0.12);
	CreateObject(19370, 1925.39, -1920.07, 40.63,   0.00, 0.00, -0.06);
	CreateObject(19370, 1925.39, -1920.07, 44.13,   0.00, 0.00, -0.06);
	CreateObject(19370, 1923.81, -1920.43, 46.37,   0.00, 0.00, 89.88);
	CreateObject(19370, 1920.69, -1920.42, 46.37,   0.00, 0.00, 89.88);